-0.9840663 1.0
-0.9514287 1.0
-0.9183699 1.0
-0.8881099 1.0
-0.8573128 1.0
-0.8264918 1.0
-0.793657 1.0
-0.7624506 1.0
-0.7298415 1.0
-0.6987889 1.0
-0.6662722 1.0
-0.6348493 1.0
-0.6027941 1.0
-0.5718773 1.0
-0.5398179 1.0
-0.5069447 1.0
-0.4753459 1.0
-0.4454179 1.0
-0.4135285 1.0
-0.3815229 1.0
-0.3484642 1.0
-0.3185365 1.0
-0.2846888 1.0
-0.2530163 1.0
-0.2222247 1.0
-0.1907016 1.0
-0.1590553 0.9957805907172996
-0.1264239 0.9665271966527197
-0.0938491 0.9254385964912281
-0.0645303 0.8253968253968254
-0.0327765 0.6626984126984127
-0.0001087 0.5569620253164557
0.0318359 0.3464566929133858
0.064361 0.14814814814814814
0.0947724 0.06719367588932806
0.126916 0.012295081967213115
0.1579038 0.007936507936507936
0.1904023 0.007905138339920948
0.2217636 0.0
0.2542317 0.0
0.2857667 0.0
0.3171838 0.0
0.3498348 0.0
0.3811238 0.0
0.4133576 0.0
0.4437421 0.0
0.4767644 0.0
0.5089601 0.0
0.5397539 0.0
0.5712035 0.0
0.603093 0.0
0.6341707 0.0
0.6664488 0.0
0.6988156 0.0
0.7302491 0.0
0.7613266 0.0
0.7940867 0.0
0.8246356 0.0
0.8570319 0.0
0.8892538 0.0
0.9198132 0.0
0.952821 0.0
0.9838547 0.0
-0.983474 1.0
-0.9517776 1.0
-0.9196 1.0
-0.8892404 1.0
-0.8568738 1.0
-0.825985 1.0
-0.792563 1.0
-0.7614703 1.0
-0.7300179 1.0
-0.6981788 1.0
-0.6665633 1.0
-0.6347891 1.0
-0.6028182 1.0
-0.5712704 1.0
-0.5398206 1.0
-0.5085257 1.0
-0.4759506 1.0
-0.4446549 1.0
-0.4125356 1.0
-0.3802923 1.0
-0.3488752 1.0
-0.3178382 1.0
-0.2855791 1.0
-0.2554859 1.0
-0.221895 1.0
-0.1901597 1.0
-0.1589179 1.0
-0.1269485 1.0
-0.0958017 1.0
-0.0634967 1.0
-0.0327695 0.9186991869918699
0.0001263 0.48936170212765956
0.0316515 0.05263157894736842
0.0628625 0.0041841004184100415
0.0957959 0.0
0.1270646 0.0
0.1578121 0.0
0.1906713 0.0
0.2218462 0.0
0.2537132 0.0
0.2846713 0.0
0.3168902 0.0
0.3499159 0.0
0.3799309 0.0
0.4127602 0.0
0.4451022 0.0
0.4759329 0.0
0.5076383 0.0
0.5401266 0.0
0.5717152 0.0
0.6029669 0.0
0.6341883 0.0
0.6675164 0.0
0.6983643 0.0
0.730375 0.0
0.7612362 0.0
0.7932183 0.0
0.8251328 0.0
0.8567538 0.0
0.8889874 0.0
0.9204289 0.0
0.9511847 0.0
0.9819735 0.0
-0.9830223 1.0
-0.9525505 1.0
-0.9196014 1.0
-0.8891331 1.0
-0.8571558 1.0
-0.8242318 1.0
-0.7943027 1.0
-0.7618303 1.0
-0.7299462 1.0
-0.69927 1.0
-0.6660121 1.0
-0.6351076 1.0
-0.6041424 1.0
-0.5710655 1.0
-0.5387101 1.0
-0.5066749 1.0
-0.4752298 1.0
-0.4449693 1.0
-0.4118583 1.0
-0.3811239 1.0
-0.3494353 1.0
-0.3179787 1.0
-0.2853497 1.0
-0.254433 1.0
-0.2218121 1.0
-0.190424 1.0
-0.1586722 1.0
-0.12658 1.0
-0.0946332 1.0
-0.0626332 1.0
-0.0313975 0.9186602870813397
0.0003531 0.5087719298245614
0.0321014 0.09236947791164658
0.0633249 0.00411522633744856
0.0951788 0.0
0.1281992 0.0
0.1586951 0.0
0.1898902 0.0
0.2221408 0.0
0.254132 0.0
0.2862358 0.0
0.3178576 0.0
0.348856 0.0
0.380882 0.0
0.4131399 0.0
0.4446705 0.0
0.4769851 0.0
0.5063446 0.0
0.5386774 0.0
0.5710501 0.0
0.6030052 0.0
0.6341991 0.0
0.6657992 0.0
0.6989394 0.0
0.7297666 0.0
0.7616107 0.0
0.7935647 0.0
0.8265189 0.0
0.8581048 0.0
0.8885376 0.0
0.9207802 0.0
0.9525201 0.0
0.9826281 0.0
-0.984304 1.0
-0.9517112 1.0
-0.9206362 1.0
-0.8868682 1.0
-0.8561724 1.0
-0.8252536 1.0
-0.792673 1.0
-0.7631184 1.0
-0.7306166 1.0
-0.6981005 1.0
-0.6659878 1.0
-0.634365 0.99581589958159
-0.6024357 0.9956140350877193
-0.5709541 0.9914529914529915
-0.5392229 1.0
-0.5081563 1.0
-0.4762955 0.9914529914529915
-0.4451888 0.9881889763779528
-0.4127316 0.9880952380952381
-0.3804531 0.9845559845559846
-0.3484797 0.9849056603773585
-0.3178374 0.9375
-0.2852806 0.9248826291079812
-0.2534775 0.8983050847457628
-0.2230514 0.871244635193133
-0.1903407 0.8361344537815126
-0.1589594 0.8170731707317073
-0.127122 0.6960352422907489
-0.095591 0.6363636363636364
-0.0618948 0.6121495327102804
-0.0321961 0.5466101694915254
-0.000188 0.4801762114537445
0.0313895 0.44680851063829785
0.063747 0.35051546391752575
0.0953509 0.3482142857142857
0.1272347 0.27906976744186046
0.1590956 0.21074380165289255
0.1906815 0.1581196581196581
0.2223931 0.1566265060240964
0.2533571 0.09865470852017937
0.2857762 0.10344827586206896
0.3162759 0.06995884773662552
0.349164 0.02510460251046025
0.3803277 0.018433179723502304
0.4138961 0.024096385542168676
0.4439894 0.01639344262295082
0.4779032 0.008368200836820083
0.5087841 0.0038314176245210726
0.5394409 0.004201680672268907
0.5711194 0.0
0.6030254 0.0
0.635016 0.003937007874015748
0.6669501 0.004291845493562232
0.6985662 0.0
0.7293978 0.0
0.7615172 0.0
0.7928761 0.0
0.8257969 0.0
0.8570221 0.0
0.8887673 0.0
0.920656 0.0
0.9522776 0.0
0.9832549 0.0
-0.9848038 1.0
-0.9523728 1.0
-0.9220566 1.0
-0.8884216 1.0
-0.8560849 1.0
-0.8246574 1.0
-0.7927155 1.0
-0.7613264 1.0
-0.7292524 1.0
-0.6981013 1.0
-0.6663955 1.0
-0.6348121 1.0
-0.6022278 0.9954128440366973
-0.570932 0.996415770609319
-0.5398349 0.9959183673469387
-0.5072242 0.9910313901345291
-0.4764073 0.9913419913419913
-0.4437862 0.9841897233201581
-0.4128069 0.9789915966386554
-0.381639 0.9641434262948207
-0.3491325 0.9556451612903226
-0.3174224 0.9634146341463414
-0.2849006 0.9233870967741935
-0.2532672 0.8904109589041096
-0.2214523 0.8523206751054853
-0.1902005 0.8355555555555556
-0.1587101 0.748898678414097
-0.1275806 0.7433628318584071
-0.0955762 0.645021645021645
-0.0631901 0.6431535269709544
-0.0321646 0.5863453815261044
-5.9e-05 0.5018050541516246
0.0314942 0.4027777777777778
0.0634987 0.41245136186770426
0.0952599 0.2838983050847458
0.1265833 0.3025210084033613
0.1584336 0.17699115044247787
0.1902101 0.19455252918287938
0.2216899 0.16055045871559634
0.2533882 0.10612244897959183
0.2853579 0.06694560669456066
0.3174595 0.06172839506172839
0.3497141 0.06882591093117409
0.3803889 0.028708133971291867
0.4134656 0.01486988847583643
0.4447027 0.022123893805309734
0.4751699 0.011904761904761904
0.5087823 0.0049261083743842365
0.5396717 0.0
0.5714335 0.00851063829787234
0.6033205 0.0
0.6354156 0.0
0.6663337 0.0
0.6993535 0.0
0.7301423 0.0
0.7622397 0.0
0.7930147 0.0
0.8256166 0.0
0.8581842 0.0
0.8884803 0.0
0.921292 0.0
0.9530723 0.0
0.9838329 0.0
