-0.9847009 1.0
-0.9530852 1.0
-0.9208508 1.0
-0.8884637 1.0
-0.8568337 1.0
-0.8251566 1.0
-0.7938331 1.0
-0.7611316 1.0
-0.7300644 1.0
-0.6982758 1.0
-0.6664688 1.0
-0.6345675 0.9959349593495935
-0.6041894 1.0
-0.5711649 0.996
-0.5387961 1.0
-0.5074065 0.9957081545064378
-0.4749183 0.9917695473251029
-0.4438791 0.9878542510121457
-0.4130004 0.9921568627450981
-0.3806075 0.9696969696969697
-0.3484569 0.9508196721311475
-0.3188512 0.9328358208955224
-0.2862277 0.9172932330827067
-0.2538285 0.8996138996138996
-0.2217723 0.8513011152416357
-0.189359 0.864963503649635
-0.1589832 0.8140495867768595
-0.1270109 0.723404255319149
-0.0957665 0.6814814814814815
-0.0636474 0.5975103734439834
-0.032617 0.5826086956521739
0.0014617 0.5275590551181102
0.0308357 0.4297872340425532
0.0636828 0.3436293436293436
0.0957547 0.31851851851851853
0.1280956 0.26506024096385544
0.1582284 0.22357723577235772
0.1896306 0.19148936170212766
0.2229377 0.14468085106382977
0.2521988 0.18385650224215247
0.285509 0.0880281690140845
0.3182802 0.05138339920948617
0.3497662 0.0425531914893617
0.3810469 0.03088803088803089
0.4127808 0.012711864406779662
0.4442139 0.0072992700729927005
0.475598 0.012711864406779662
0.5075227 0.007905138339920948
0.5391726 0.0036101083032490976
0.5715868 0.0
0.6039194 0.0
0.6340435 0.0
0.6671719 0.0
0.6974806 0.0
0.7305231 0.0
0.7618345 0.0
0.7948564 0.0
0.8262915 0.0
0.8569282 0.0
0.8887873 0.0
0.9203594 0.0
0.9518756 0.0
0.9851895 0.0
