-0.9826566 1.0
-0.9532705 1.0
-0.9208622 1.0
-0.8888666 1.0
-0.8562 1.0
-0.8248691 1.0
-0.7928401 1.0
-0.7613655 1.0
-0.7303356 1.0
-0.6992424 1.0
-0.6668628 1.0
-0.6338807 1.0
-0.6041651 1.0
-0.5721022 1.0
-0.5396826 1.0
-0.5075341 1.0
-0.4752965 0.9841897233201581
-0.4445668 0.9897610921501706
-0.4129384 0.9742489270386266
-0.3813551 0.9783393501805054
-0.3484499 0.9692982456140351
-0.3167577 0.9409090909090909
-0.2864152 0.9236947791164659
-0.2531332 0.8934426229508197
-0.2225544 0.8841698841698842
-0.1910275 0.852233676975945
-0.1592275 0.8057851239669421
-0.1276581 0.7509293680297398
-0.0952685 0.6618181818181819
-0.0626463 0.6395759717314488
-0.0316896 0.5568627450980392
-0.0002613 0.5665399239543726
0.0323587 0.3813559322033898
0.0643345 0.3298245614035088
0.0948934 0.3175182481751825
0.1269502 0.2784313725490196
0.1584358 0.277992277992278
0.1902072 0.17667844522968199
0.2216811 0.11740890688259109
0.2539104 0.11328125
0.28555 0.09243697478991597
0.3178372 0.06201550387596899
0.3493015 0.046875
0.3806917 0.017241379310344827
0.4129515 0.017421602787456445
0.4443716 0.012552301255230125
0.4766237 0.004273504273504274
0.5086256 0.00398406374501992
0.539853 0.0
0.5706819 0.003676470588235294
0.602509 0.004032258064516129
0.6343049 0.0
0.6670718 0.0
0.6977611 0.0
0.7298697 0.0
0.7623927 0.0
0.7938211 0.0
0.8257148 0.0
0.8570554 0.0
0.889437 0.0
0.9198254 0.0
0.952937 0.0
0.9842844 0.0
